Source	Target	features0
2	0	1.0
2	1	1.0
3	1	1.0
3	2	1.0
4	0	1.0
4	2	1.0
5	1	1.0
5	4	1.0
6	2	1.0
6	5	1.0
7	5	1.0
7	6	1.0
8	4	1.0
8	6	1.0
9	1	1.0
9	4	1.0
10	2	1.0
10	7	1.0
11	3	1.0
11	5	1.0
12	2	1.0
12	5	1.0
13	11	1.0
13	5	1.0
14	11	1.0
14	12	1.0
15	2	1.0
15	11	1.0
16	0	1.0
16	2	1.0
17	2	1.0
17	3	1.0
18	4	1.0
18	5	1.0
19	1	1.0
19	5	1.0
20	16	1.0
20	3	1.0
21	8	1.0
21	2	1.0
22	5	1.0
22	14	1.0
23	8	1.0
23	1	1.0
24	4	1.0
24	5	1.0
25	11	1.0
25	22	1.0
26	3	1.0
26	11	1.0
27	25	1.0
27	12	1.0
28	11	1.0
28	5	1.0
29	2	1.0
29	5	1.0
30	3	1.0
30	22	1.0
31	29	1.0
31	6	1.0
32	7	1.0
32	31	1.0
33	2	1.0
33	10	1.0
34	11	1.0
34	5	1.0
35	1	1.0
35	11	1.0
36	32	1.0
36	12	1.0
37	11	1.0
37	7	1.0
38	2	1.0
38	6	1.0
39	2	1.0
39	31	1.0
40	2	1.0
40	5	1.0
41	37	1.0
41	29	1.0
42	32	1.0
42	7	1.0
43	2	1.0
43	5	1.0
44	2	1.0
44	7	1.0
45	2	1.0
45	3	1.0
46	25	1.0
46	37	1.0
47	34	1.0
47	4	1.0
48	11	1.0
48	4	1.0
49	11	1.0
49	5	1.0
50	2	1.0
50	12	1.0
51	9	1.0
51	42	1.0
52	2	1.0
52	11	1.0
53	2	1.0
53	29	1.0
54	48	1.0
54	11	1.0
55	21	1.0
55	53	1.0
56	1	1.0
56	11	1.0
57	33	1.0
57	12	1.0
58	8	1.0
58	57	1.0
59	10	1.0
59	44	1.0
60	2	1.0
60	11	1.0
61	49	1.0
61	22	1.0
62	52	1.0
62	4	1.0
63	2	1.0
63	53	1.0
64	59	1.0
64	45	1.0
65	41	1.0
65	13	1.0
66	25	1.0
66	23	1.0
67	1	1.0
67	4	1.0
68	37	1.0
68	21	1.0
69	11	1.0
69	29	1.0
70	2	1.0
70	35	1.0
71	66	1.0
71	67	1.0
72	9	1.0
72	3	1.0
73	49	1.0
73	5	1.0
74	48	1.0
74	7	1.0
75	12	1.0
75	44	1.0
76	4	1.0
76	13	1.0
77	25	1.0
77	42	1.0
78	8	1.0
78	48	1.0
79	56	1.0
79	50	1.0
80	9	1.0
80	4	1.0
81	9	1.0
81	67	1.0
82	81	1.0
82	34	1.0
83	2	1.0
83	23	1.0
84	12	1.0
84	29	1.0
85	24	1.0
85	55	1.0
86	11	1.0
86	54	1.0
87	49	1.0
87	11	1.0
88	1	1.0
88	41	1.0
89	12	1.0
89	13	1.0
90	67	1.0
90	30	1.0
91	5	1.0
91	7	1.0
92	87	1.0
92	79	1.0
93	41	1.0
93	34	1.0
94	5	1.0
94	86	1.0
95	67	1.0
95	86	1.0
96	5	1.0
96	87	1.0
97	18	1.0
97	6	1.0
98	59	1.0
98	70	1.0
99	29	1.0
99	13	1.0
100	12	1.0
100	44	1.0
101	57	1.0
101	17	1.0
102	2	1.0
102	14	1.0
103	98	1.0
103	2	1.0
104	2	1.0
104	5	1.0
105	3	1.0
105	5	1.0
106	67	1.0
106	22	1.0
107	12	1.0
107	31	1.0
108	0	1.0
108	14	1.0
109	62	1.0
109	23	1.0
110	49	1.0
110	66	1.0
111	42	1.0
111	87	1.0
112	4	1.0
112	7	1.0
113	2	1.0
113	67	1.0
114	19	1.0
114	67	1.0
115	17	1.0
115	44	1.0
116	4	1.0
116	87	1.0
117	37	1.0
117	47	1.0
118	51	1.0
118	87	1.0
119	96	1.0
119	1	1.0
120	5	1.0
120	31	1.0
121	2	1.0
121	51	1.0
122	120	1.0
122	62	1.0
123	3	1.0
123	46	1.0
124	20	1.0
124	78	1.0
125	57	1.0
125	27	1.0
126	98	1.0
126	35	1.0
127	12	1.0
127	119	1.0
128	27	1.0
128	47	1.0
129	77	1.0
129	103	1.0
130	17	1.0
130	19	1.0
131	106	1.0
131	2	1.0
132	106	1.0
132	84	1.0
133	89	1.0
133	11	1.0
134	11	1.0
134	45	1.0
135	3	1.0
135	125	1.0
136	51	1.0
136	95	1.0
137	1	1.0
137	55	1.0
138	66	1.0
138	12	1.0
139	83	1.0
139	55	1.0
140	2	1.0
140	20	1.0
141	72	1.0
141	69	1.0
142	80	1.0
142	125	1.0
143	12	1.0
143	7	1.0
144	128	1.0
144	61	1.0
145	67	1.0
145	12	1.0
146	67	1.0
146	116	1.0
147	90	1.0
147	95	1.0
148	32	1.0
148	33	1.0
149	123	1.0
149	13	1.0
150	144	1.0
150	149	1.0
151	82	1.0
151	119	1.0
152	104	1.0
152	92	1.0
153	67	1.0
153	46	1.0
154	11	1.0
154	79	1.0
155	17	1.0
155	21	1.0
156	128	1.0
156	71	1.0
157	83	1.0
157	31	1.0
158	104	1.0
158	22	1.0
159	99	1.0
159	59	1.0
160	11	1.0
160	36	1.0
161	74	1.0
161	11	1.0
162	59	1.0
162	95	1.0
163	56	1.0
163	1	1.0
164	134	1.0
164	127	1.0
165	58	1.0
165	29	1.0
166	81	1.0
166	43	1.0
167	77	1.0
167	6	1.0
168	2	1.0
168	5	1.0
169	145	1.0
169	131	1.0
170	41	1.0
170	159	1.0
171	162	1.0
171	14	1.0
172	1	1.0
172	125	1.0
173	67	1.0
173	22	1.0
174	65	1.0
174	150	1.0
175	50	1.0
175	29	1.0
176	121	1.0
176	12	1.0
177	125	1.0
177	103	1.0
178	1	1.0
178	87	1.0
179	89	1.0
179	3	1.0
180	96	1.0
180	48	1.0
181	145	1.0
181	49	1.0
182	1	1.0
182	82	1.0
183	58	1.0
183	53	1.0
184	129	1.0
184	99	1.0
185	5	1.0
185	93	1.0
186	120	1.0
186	66	1.0
187	70	1.0
187	103	1.0
188	132	1.0
188	12	1.0
189	2	1.0
189	31	1.0
190	120	1.0
190	5	1.0
191	1	1.0
191	182	1.0
192	157	1.0
192	78	1.0
193	56	1.0
193	77	1.0
194	0	1.0
194	149	1.0
195	56	1.0
195	151	1.0
196	106	1.0
196	19	1.0
197	82	1.0
197	69	1.0
198	85	1.0
198	54	1.0
199	33	1.0
199	195	1.0
200	2	1.0
200	47	1.0
201	83	1.0
201	37	1.0
202	130	1.0
202	172	1.0
203	81	1.0
203	67	1.0
204	3	1.0
204	67	1.0
205	1	1.0
205	31	1.0
206	42	1.0
206	45	1.0
207	185	1.0
207	203	1.0
208	42	1.0
208	76	1.0
209	4	1.0
209	15	1.0
210	49	1.0
210	9	1.0
211	8	1.0
211	11	1.0
212	21	1.0
212	206	1.0
213	108	1.0
213	47	1.0
214	92	1.0
214	12	1.0
215	209	1.0
215	11	1.0
216	8	1.0
216	7	1.0
217	4	1.0
217	87	1.0
218	9	1.0
218	83	1.0
219	121	1.0
219	76	1.0
220	19	1.0
220	35	1.0
221	0	1.0
221	25	1.0
222	10	1.0
222	4	1.0
223	11	1.0
223	150	1.0
224	12	1.0
224	127	1.0
225	134	1.0
225	150	1.0
226	169	1.0
226	14	1.0
227	219	1.0
227	196	1.0
228	205	1.0
228	126	1.0
229	76	1.0
229	5	1.0
230	11	1.0
230	173	1.0
231	10	1.0
231	13	1.0
232	116	1.0
232	13	1.0
233	22	1.0
233	191	1.0
234	96	1.0
234	70	1.0
235	1	1.0
235	21	1.0
236	40	1.0
236	95	1.0
237	11	1.0
237	77	1.0
238	1	1.0
238	76	1.0
239	185	1.0
239	37	1.0
240	145	1.0
240	1	1.0
241	4	1.0
241	167	1.0
242	49	1.0
242	204	1.0
243	0	1.0
243	8	1.0
244	122	1.0
244	158	1.0
245	37	1.0
245	135	1.0
246	92	1.0
246	13	1.0
247	142	1.0
247	46	1.0
248	40	1.0
248	2	1.0
249	176	1.0
249	204	1.0
250	16	1.0
250	61	1.0
251	121	1.0
251	228	1.0
252	5	1.0
252	151	1.0
253	25	1.0
253	27	1.0
254	193	1.0
254	60	1.0
255	233	1.0
255	29	1.0
256	96	1.0
256	24	1.0
257	228	1.0
257	7	1.0
258	5	1.0
258	47	1.0
259	19	1.0
259	247	1.0
260	161	1.0
260	27	1.0
261	4	1.0
261	95	1.0
262	67	1.0
262	14	1.0
263	2	1.0
263	7	1.0
264	72	1.0
264	43	1.0
265	8	1.0
265	3	1.0
266	77	1.0
266	263	1.0
267	162	1.0
267	5	1.0
268	169	1.0
268	7	1.0
269	17	1.0
269	253	1.0
270	83	1.0
270	166	1.0
271	89	1.0
271	153	1.0
272	51	1.0
272	157	1.0
273	207	1.0
273	7	1.0
274	26	1.0
274	163	1.0
275	205	1.0
275	5	1.0
276	8	1.0
276	110	1.0
277	200	1.0
277	204	1.0
278	21	1.0
278	223	1.0
279	99	1.0
279	31	1.0
280	30	1.0
280	31	1.0
281	0	1.0
281	162	1.0
282	177	1.0
282	198	1.0
283	168	1.0
283	7	1.0
284	35	1.0
284	38	1.0
285	12	1.0
285	6	1.0
286	29	1.0
286	150	1.0
287	264	1.0
287	130	1.0
288	66	1.0
288	261	1.0
289	168	1.0
289	160	1.0
290	54	1.0
290	7	1.0
291	253	1.0
291	110	1.0
292	3	1.0
292	269	1.0
293	11	1.0
293	14	1.0
294	291	1.0
294	95	1.0
295	116	1.0
295	77	1.0
296	265	1.0
296	116	1.0
297	56	1.0
297	27	1.0
298	49	1.0
298	281	1.0
299	233	1.0
299	109	1.0
300	153	1.0
300	17	1.0
301	48	1.0
301	121	1.0
302	96	1.0
302	263	1.0
303	11	1.0
303	279	1.0
304	274	1.0
304	102	1.0
305	1	1.0
305	237	1.0
306	59	1.0
306	5	1.0
307	0	1.0
307	31	1.0
308	11	1.0
308	183	1.0
309	37	1.0
309	173	1.0
310	301	1.0
310	38	1.0
311	33	1.0
311	98	1.0
312	16	1.0
312	29	1.0
313	42	1.0
313	123	1.0
314	99	1.0
314	87	1.0
315	25	1.0
315	205	1.0
316	17	1.0
316	39	1.0
317	273	1.0
317	23	1.0
318	75	1.0
318	5	1.0
319	35	1.0
319	243	1.0
320	301	1.0
320	247	1.0
321	46	1.0
321	199	1.0
322	64	1.0
322	132	1.0
323	93	1.0
323	173	1.0
324	156	1.0
324	87	1.0
325	154	1.0
325	4	1.0
326	104	1.0
326	87	1.0
327	185	1.0
327	2	1.0
328	291	1.0
328	31	1.0
329	290	1.0
329	5	1.0
330	248	1.0
330	237	1.0
331	263	1.0
331	191	1.0
332	304	1.0
332	2	1.0
333	11	1.0
333	132	1.0
334	236	1.0
334	95	1.0
335	17	1.0
335	66	1.0
336	281	1.0
336	257	1.0
337	11	1.0
337	77	1.0
338	29	1.0
338	78	1.0
339	36	1.0
339	263	1.0
340	4	1.0
340	221	1.0
341	219	1.0
341	239	1.0
342	11	1.0
342	155	1.0
343	315	1.0
343	303	1.0
344	129	1.0
344	116	1.0
345	12	1.0
345	61	1.0
346	160	1.0
346	209	1.0
347	290	1.0
347	87	1.0
348	116	1.0
348	77	1.0
349	40	1.0
349	115	1.0
350	312	1.0
350	93	1.0
351	115	1.0
351	7	1.0
352	347	1.0
352	36	1.0
353	348	1.0
353	12	1.0
354	56	1.0
354	79	1.0
355	144	1.0
355	76	1.0
356	44	1.0
356	4	1.0
357	2	1.0
357	77	1.0
358	274	1.0
358	277	1.0
359	57	1.0
359	29	1.0
360	225	1.0
360	51	1.0
361	58	1.0
361	287	1.0
362	230	1.0
362	39	1.0
363	10	1.0
363	326	1.0
364	83	1.0
364	101	1.0
365	328	1.0
365	77	1.0
366	161	1.0
366	95	1.0
367	184	1.0
367	8	1.0
368	232	1.0
368	300	1.0
369	2	1.0
369	243	1.0
370	162	1.0
370	37	1.0
371	254	1.0
371	359	1.0
372	169	1.0
372	37	1.0
373	166	1.0
373	327	1.0
374	233	1.0
374	123	1.0
375	219	1.0
375	54	1.0
376	285	1.0
376	302	1.0
377	67	1.0
377	127	1.0
378	160	1.0
378	7	1.0
379	9	1.0
379	37	1.0
380	2	1.0
380	77	1.0
381	235	1.0
381	302	1.0
382	334	1.0
382	7	1.0
383	11	1.0
383	14	1.0
384	58	1.0
384	27	1.0
385	1	1.0
385	300	1.0
386	12	1.0
386	7	1.0
387	289	1.0
387	7	1.0
388	56	1.0
388	14	1.0
389	314	1.0
389	242	1.0
390	8	1.0
390	67	1.0
391	169	1.0
391	67	1.0
392	160	1.0
392	192	1.0
393	62	1.0
393	14	1.0
394	392	1.0
394	46	1.0
395	51	1.0
395	374	1.0
396	4	1.0
396	77	1.0
397	388	1.0
397	4	1.0
398	113	1.0
398	5	1.0
399	104	1.0
399	371	1.0
400	248	1.0
400	334	1.0
401	57	1.0
401	290	1.0
402	156	1.0
402	37	1.0
403	81	1.0
403	361	1.0
404	59	1.0
404	78	1.0
405	3	1.0
405	4	1.0
406	123	1.0
406	183	1.0
407	42	1.0
407	180	1.0
408	42	1.0
408	295	1.0
409	40	1.0
409	405	1.0
410	106	1.0
410	139	1.0
411	0	1.0
411	180	1.0
412	67	1.0
412	4	1.0
413	83	1.0
413	5	1.0
414	105	1.0
414	122	1.0
415	140	1.0
415	317	1.0
416	1	1.0
416	87	1.0
417	90	1.0
417	110	1.0
418	42	1.0
418	29	1.0
419	56	1.0
419	5	1.0
420	75	1.0
420	11	1.0
421	102	1.0
421	6	1.0
422	66	1.0
422	389	1.0
423	35	1.0
423	7	1.0
424	224	1.0
424	3	1.0
425	25	1.0
425	87	1.0
426	35	1.0
426	102	1.0
427	3	1.0
427	359	1.0
428	137	1.0
428	426	1.0
429	11	1.0
429	101	1.0
430	2	1.0
430	293	1.0
431	11	1.0
431	86	1.0
432	5	1.0
432	54	1.0
433	45	1.0
433	127	1.0
434	361	1.0
434	133	1.0
435	7	1.0
435	119	1.0
436	115	1.0
436	277	1.0
437	373	1.0
437	63	1.0
438	203	1.0
438	167	1.0
439	62	1.0
439	47	1.0
440	153	1.0
440	14	1.0
441	83	1.0
441	13	1.0
442	13	1.0
442	254	1.0
443	4	1.0
443	245	1.0
444	209	1.0
444	29	1.0
445	138	1.0
445	423	1.0
446	5	1.0
446	14	1.0
447	51	1.0
447	237	1.0
448	152	1.0
448	83	1.0
449	146	1.0
449	55	1.0
450	123	1.0
450	268	1.0
451	53	1.0
451	22	1.0
452	162	1.0
452	51	1.0
453	166	1.0
453	239	1.0
454	33	1.0
454	14	1.0
455	49	1.0
455	347	1.0
456	76	1.0
456	205	1.0
457	130	1.0
457	29	1.0
458	54	1.0
458	23	1.0
459	372	1.0
459	406	1.0
460	81	1.0
460	452	1.0
461	409	1.0
461	51	1.0
462	2	1.0
462	29	1.0
463	88	1.0
463	172	1.0
464	435	1.0
464	287	1.0
465	45	1.0
465	375	1.0
466	81	1.0
466	279	1.0
467	218	1.0
467	444	1.0
468	120	1.0
468	34	1.0
469	283	1.0
469	414	1.0
470	209	1.0
470	4	1.0
471	0	1.0
471	269	1.0
472	105	1.0
472	269	1.0
473	98	1.0
473	436	1.0
474	283	1.0
474	206	1.0
475	368	1.0
475	90	1.0
476	1	1.0
476	207	1.0
477	168	1.0
477	13	1.0
478	440	1.0
478	7	1.0
479	344	1.0
479	13	1.0
480	1	1.0
480	3	1.0
481	359	1.0
481	199	1.0
482	144	1.0
482	59	1.0
483	32	1.0
483	9	1.0
484	83	1.0
484	91	1.0
485	21	1.0
485	447	1.0
486	106	1.0
486	79	1.0
487	92	1.0
487	167	1.0
488	42	1.0
488	35	1.0
489	112	1.0
489	67	1.0
490	5	1.0
490	383	1.0
491	303	1.0
491	319	1.0
492	131	1.0
492	236	1.0
493	46	1.0
493	198	1.0
494	321	1.0
494	395	1.0
495	258	1.0
495	484	1.0
496	20	1.0
496	54	1.0
497	453	1.0
497	23	1.0
498	472	1.0
498	230	1.0
499	49	1.0
499	33	1.0
500	315	1.0
500	67	1.0
501	193	1.0
501	76	1.0
502	96	1.0
502	334	1.0
503	67	1.0
503	460	1.0
504	96	1.0
504	6	1.0
505	8	1.0
505	93	1.0
506	136	1.0
506	87	1.0
507	273	1.0
507	85	1.0
508	1	1.0
508	227	1.0
509	410	1.0
509	84	1.0
510	130	1.0
510	83	1.0
511	243	1.0
511	220	1.0
512	40	1.0
512	31	1.0
513	13	1.0
513	63	1.0
514	12	1.0
514	300	1.0
515	372	1.0
515	359	1.0
516	159	1.0
516	87	1.0
517	3	1.0
517	67	1.0
518	83	1.0
518	7	1.0
519	206	1.0
519	494	1.0
520	9	1.0
520	517	1.0
521	283	1.0
521	4	1.0
522	272	1.0
522	274	1.0
523	329	1.0
523	1	1.0
524	57	1.0
524	35	1.0
525	59	1.0
525	180	1.0
526	57	1.0
526	386	1.0
527	24	1.0
527	31	1.0
528	275	1.0
528	340	1.0
529	273	1.0
529	205	1.0
530	75	1.0
530	148	1.0
531	12	1.0
531	239	1.0
532	4	1.0
532	6	1.0
533	25	1.0
533	2	1.0
534	120	1.0
534	2	1.0
535	224	1.0
535	31	1.0
536	85	1.0
536	438	1.0
537	42	1.0
537	30	1.0
538	12	1.0
538	125	1.0
539	370	1.0
539	15	1.0
540	373	1.0
540	317	1.0
541	73	1.0
541	406	1.0
542	132	1.0
542	22	1.0
543	113	1.0
543	7	1.0
544	221	1.0
544	359	1.0
545	468	1.0
545	44	1.0
546	354	1.0
546	7	1.0
547	354	1.0
547	58	1.0
548	322	1.0
548	173	1.0
549	201	1.0
549	130	1.0
550	139	1.0
550	22	1.0
551	33	1.0
551	293	1.0
552	13	1.0
552	78	1.0
553	472	1.0
553	97	1.0
554	385	1.0
554	6	1.0
555	344	1.0
555	145	1.0
556	395	1.0
556	507	1.0
557	544	1.0
557	473	1.0
558	16	1.0
558	95	1.0
559	500	1.0
559	332	1.0
560	321	1.0
560	205	1.0
561	138	1.0
561	414	1.0
562	98	1.0
562	150	1.0
563	0	1.0
563	49	1.0
564	320	1.0
564	7	1.0
565	4	1.0
565	183	1.0
566	253	1.0
566	126	1.0
567	241	1.0
567	378	1.0
568	533	1.0
568	438	1.0
569	19	1.0
569	119	1.0
570	398	1.0
570	54	1.0
571	128	1.0
571	354	1.0
572	147	1.0
572	20	1.0
573	46	1.0
573	22	1.0
574	25	1.0
574	547	1.0
575	162	1.0
575	133	1.0
576	0	1.0
576	185	1.0
577	27	1.0
577	15	1.0
578	130	1.0
578	331	1.0
579	255	1.0
579	191	1.0
580	282	1.0
580	356	1.0
581	1	1.0
581	66	1.0
582	1	1.0
582	4	1.0
583	541	1.0
583	13	1.0
584	412	1.0
584	423	1.0
585	492	1.0
585	119	1.0
586	83	1.0
586	341	1.0
587	2	1.0
587	430	1.0
588	24	1.0
588	84	1.0
589	341	1.0
589	87	1.0
590	3	1.0
590	525	1.0
591	116	1.0
591	125	1.0
592	515	1.0
592	149	1.0
593	2	1.0
593	77	1.0
594	248	1.0
594	344	1.0
595	576	1.0
595	145	1.0
596	46	1.0
596	87	1.0
597	5	1.0
597	213	1.0
598	48	1.0
598	77	1.0
599	242	1.0
599	165	1.0
600	204	1.0
600	206	1.0
601	184	1.0
601	430	1.0
602	333	1.0
602	230	1.0
603	289	1.0
603	275	1.0
604	410	1.0
604	315	1.0
605	168	1.0
605	99	1.0
606	49	1.0
606	374	1.0
607	113	1.0
607	35	1.0
608	253	1.0
608	6	1.0
609	2	1.0
609	90	1.0
610	253	1.0
610	207	1.0
611	41	1.0
611	454	1.0
612	67	1.0
612	238	1.0
613	145	1.0
613	44	1.0
614	2	1.0
614	77	1.0
615	416	1.0
615	112	1.0
616	162	1.0
616	13	1.0
617	256	1.0
617	11	1.0
618	328	1.0
618	119	1.0
619	427	1.0
619	5	1.0
620	218	1.0
620	7	1.0
621	368	1.0
621	292	1.0
622	388	1.0
622	29	1.0
623	105	1.0
623	2	1.0
624	0	1.0
624	36	1.0
625	580	1.0
625	12	1.0
626	29	1.0
626	94	1.0
627	384	1.0
627	4	1.0
628	85	1.0
628	102	1.0
629	233	1.0
629	206	1.0
630	3	1.0
630	574	1.0
631	153	1.0
631	391	1.0
632	1	1.0
632	12	1.0
633	190	1.0
633	286	1.0
634	395	1.0
634	5	1.0
635	290	1.0
635	548	1.0
636	56	1.0
636	24	1.0
637	10	1.0
637	547	1.0
638	2	1.0
638	27	1.0
639	253	1.0
639	207	1.0
640	412	1.0
640	7	1.0
641	126	1.0
641	31	1.0
642	436	1.0
642	414	1.0
643	370	1.0
643	247	1.0
644	355	1.0
644	12	1.0
645	56	1.0
645	12	1.0
646	11	1.0
646	155	1.0
647	11	1.0
647	116	1.0
648	42	1.0
648	435	1.0
649	546	1.0
649	222	1.0
650	552	1.0
650	5	1.0
651	361	1.0
651	2	1.0
652	235	1.0
652	439	1.0
653	109	1.0
653	102	1.0
654	65	1.0
654	236	1.0
655	356	1.0
655	4	1.0
656	3	1.0
656	125	1.0
657	498	1.0
657	58	1.0
658	274	1.0
658	172	1.0
659	484	1.0
659	389	1.0
660	190	1.0
660	63	1.0
661	435	1.0
661	199	1.0
662	76	1.0
662	39	1.0
663	300	1.0
663	31	1.0
664	1	1.0
664	77	1.0
665	134	1.0
665	335	1.0
666	394	1.0
666	71	1.0
667	105	1.0
667	14	1.0
668	64	1.0
668	46	1.0
669	179	1.0
669	31	1.0
670	32	1.0
670	66	1.0
671	526	1.0
671	119	1.0
672	304	1.0
672	518	1.0
673	35	1.0
673	508	1.0
674	490	1.0
674	122	1.0
675	409	1.0
675	31	1.0
676	13	1.0
676	207	1.0
677	266	1.0
677	315	1.0
678	219	1.0
678	12	1.0
679	427	1.0
679	622	1.0
680	115	1.0
680	388	1.0
681	521	1.0
681	292	1.0
682	35	1.0
682	278	1.0
683	665	1.0
683	292	1.0
684	67	1.0
684	12	1.0
685	451	1.0
685	60	1.0
686	85	1.0
686	598	1.0
687	36	1.0
687	414	1.0
688	262	1.0
688	87	1.0
689	115	1.0
689	551	1.0
690	200	1.0
690	108	1.0
691	41	1.0
691	77	1.0
692	572	1.0
692	126	1.0
693	468	1.0
693	165	1.0
694	37	1.0
694	14	1.0
695	417	1.0
695	63	1.0
696	70	1.0
696	7	1.0
697	249	1.0
697	23	1.0
698	128	1.0
698	5	1.0
699	106	1.0
699	204	1.0
700	57	1.0
700	43	1.0
701	37	1.0
701	39	1.0
702	154	1.0
702	53	1.0
703	273	1.0
703	102	1.0
704	264	1.0
704	236	1.0
705	627	1.0
705	476	1.0
706	210	1.0
706	5	1.0
707	56	1.0
707	170	1.0
708	208	1.0
708	151	1.0
709	192	1.0
709	525	1.0
710	1	1.0
710	300	1.0
711	289	1.0
711	251	1.0
712	249	1.0
712	467	1.0
713	203	1.0
713	631	1.0
714	170	1.0
714	106	1.0
715	691	1.0
715	13	1.0
716	56	1.0
716	34	1.0
717	2	1.0
717	93	1.0
718	266	1.0
718	381	1.0
719	219	1.0
719	598	1.0
720	8	1.0
720	280	1.0
721	227	1.0
721	167	1.0
722	11	1.0
722	179	1.0
723	394	1.0
723	148	1.0
724	179	1.0
724	55	1.0
725	176	1.0
725	48	1.0
726	547	1.0
726	540	1.0
727	1	1.0
727	4	1.0
728	340	1.0
728	110	1.0
729	304	1.0
729	349	1.0
730	371	1.0
730	14	1.0
731	237	1.0
731	110	1.0
732	240	1.0
732	397	1.0
733	22	1.0
733	279	1.0
734	304	1.0
734	500	1.0
735	37	1.0
735	703	1.0
736	617	1.0
736	206	1.0
737	66	1.0
737	494	1.0
738	158	1.0
738	14	1.0
739	332	1.0
739	342	1.0
740	544	1.0
740	43	1.0
741	652	1.0
741	317	1.0
742	389	1.0
742	198	1.0
743	203	1.0
743	13	1.0
744	508	1.0
744	292	1.0
745	40	1.0
745	509	1.0
746	83	1.0
746	12	1.0
747	11	1.0
747	12	1.0
748	400	1.0
748	227	1.0
749	67	1.0
749	372	1.0
750	406	1.0
750	239	1.0
751	82	1.0
751	5	1.0
752	77	1.0
752	582	1.0
753	384	1.0
753	86	1.0
754	477	1.0
754	238	1.0
755	4	1.0
755	391	1.0
756	289	1.0
756	1	1.0
757	57	1.0
757	11	1.0
758	96	1.0
758	106	1.0
759	190	1.0
759	55	1.0
760	332	1.0
760	661	1.0
761	8	1.0
761	632	1.0
762	310	1.0
762	62	1.0
763	531	1.0
763	7	1.0
764	253	1.0
764	303	1.0
765	435	1.0
765	171	1.0
766	330	1.0
766	238	1.0
767	2	1.0
767	29	1.0
768	209	1.0
768	742	1.0
769	205	1.0
769	14	1.0
770	604	1.0
770	334	1.0
771	224	1.0
771	116	1.0
772	90	1.0
772	84	1.0
773	452	1.0
773	5	1.0
774	665	1.0
774	575	1.0
775	35	1.0
775	767	1.0
776	11	1.0
776	7	1.0
777	180	1.0
777	500	1.0
778	453	1.0
778	54	1.0
779	1	1.0
779	2	1.0
780	2	1.0
780	422	1.0
781	92	1.0
781	422	1.0
782	224	1.0
782	95	1.0
783	524	1.0
783	287	1.0
784	348	1.0
784	245	1.0
785	12	1.0
785	236	1.0
786	67	1.0
786	37	1.0
787	8	1.0
787	35	1.0
788	561	1.0
788	357	1.0
789	248	1.0
789	9	1.0
790	11	1.0
790	3	1.0
791	37	1.0
791	133	1.0
792	204	1.0
792	276	1.0
793	49	1.0
793	596	1.0
794	361	1.0
794	106	1.0
795	414	1.0
795	303	1.0
796	40	1.0
796	11	1.0
797	321	1.0
797	244	1.0
798	248	1.0
798	7	1.0
799	461	1.0
799	14	1.0
800	2	1.0
800	263	1.0
801	337	1.0
801	297	1.0
802	176	1.0
802	7	1.0
803	662	1.0
803	71	1.0
804	170	1.0
804	79	1.0
805	408	1.0
805	755	1.0
806	283	1.0
806	36	1.0
807	225	1.0
807	244	1.0
808	636	1.0
808	799	1.0
809	392	1.0
809	76	1.0
810	49	1.0
810	694	1.0
811	377	1.0
811	204	1.0
812	25	1.0
812	47	1.0
813	24	1.0
813	205	1.0
814	35	1.0
814	29	1.0
815	801	1.0
815	751	1.0
816	386	1.0
816	59	1.0
817	83	1.0
817	790	1.0
818	249	1.0
818	5	1.0
819	733	1.0
819	511	1.0
820	56	1.0
820	195	1.0
821	449	1.0
821	12	1.0
822	4	1.0
822	756	1.0
823	418	1.0
823	631	1.0
824	601	1.0
824	25	1.0
825	281	1.0
825	36	1.0
826	788	1.0
826	247	1.0
827	760	1.0
827	359	1.0
828	221	1.0
828	542	1.0
829	274	1.0
829	59	1.0
830	111	1.0
830	87	1.0
831	178	1.0
831	562	1.0
832	90	1.0
832	310	1.0
833	576	1.0
833	767	1.0
834	51	1.0
834	31	1.0
835	31	1.0
835	7	1.0
836	35	1.0
836	461	1.0
837	97	1.0
837	172	1.0
838	245	1.0
838	287	1.0
839	1	1.0
839	437	1.0
840	602	1.0
840	31	1.0
841	211	1.0
841	179	1.0
842	840	1.0
842	40	1.0
843	272	1.0
843	402	1.0
844	40	1.0
844	517	1.0
845	728	1.0
845	26	1.0
846	12	1.0
846	47	1.0
847	513	1.0
847	123	1.0
848	121	1.0
848	33	1.0
849	33	1.0
849	134	1.0
850	196	1.0
850	204	1.0
851	392	1.0
851	5	1.0
852	848	1.0
852	753	1.0
853	104	1.0
853	36	1.0
854	115	1.0
854	359	1.0
855	11	1.0
855	436	1.0
856	192	1.0
856	76	1.0
857	8	1.0
857	427	1.0
858	553	1.0
858	406	1.0
859	169	1.0
859	757	1.0
860	348	1.0
860	7	1.0
861	26	1.0
861	628	1.0
862	2	1.0
862	13	1.0
863	529	1.0
863	563	1.0
864	161	1.0
864	12	1.0
865	616	1.0
865	292	1.0
866	160	1.0
866	745	1.0
867	0	1.0
867	2	1.0
868	788	1.0
868	398	1.0
869	2	1.0
869	102	1.0
870	4	1.0
870	5	1.0
871	37	1.0
871	86	1.0
872	4	1.0
872	238	1.0
873	139	1.0
873	4	1.0
874	298	1.0
874	410	1.0
875	122	1.0
875	283	1.0
876	713	1.0
876	300	1.0
877	123	1.0
877	92	1.0
878	10	1.0
878	4	1.0
879	2	1.0
879	444	1.0
880	2	1.0
880	317	1.0
881	2	1.0
881	29	1.0
882	850	1.0
882	699	1.0
883	182	1.0
883	39	1.0
884	618	1.0
884	51	1.0
885	184	1.0
885	565	1.0
886	186	1.0
886	227	1.0
887	85	1.0
887	735	1.0
888	123	1.0
888	253	1.0
889	9	1.0
889	78	1.0
890	652	1.0
890	654	1.0
891	40	1.0
891	29	1.0
892	4	1.0
892	597	1.0
893	18	1.0
893	733	1.0
894	268	1.0
894	773	1.0
895	184	1.0
895	434	1.0
896	115	1.0
896	542	1.0
897	124	1.0
897	22	1.0
898	2	1.0
898	29	1.0
899	1	1.0
899	30	1.0
900	40	1.0
900	93	1.0
901	198	1.0
901	471	1.0
902	218	1.0
902	5	1.0
903	760	1.0
903	695	1.0
904	67	1.0
904	12	1.0
905	6	1.0
905	615	1.0
906	227	1.0
906	45	1.0
907	96	1.0
907	575	1.0
908	76	1.0
908	806	1.0
909	873	1.0
909	742	1.0
910	465	1.0
910	404	1.0
911	8	1.0
911	811	1.0
912	103	1.0
912	47	1.0
913	752	1.0
913	21	1.0
914	122	1.0
914	156	1.0
915	243	1.0
915	69	1.0
916	227	1.0
916	292	1.0
917	107	1.0
917	12	1.0
918	35	1.0
918	508	1.0
919	4	1.0
919	447	1.0
920	505	1.0
920	31	1.0
921	89	1.0
921	12	1.0
922	48	1.0
922	11	1.0
923	221	1.0
923	7	1.0
924	95	1.0
924	47	1.0
925	160	1.0
925	134	1.0
926	5	1.0
926	78	1.0
927	195	1.0
927	86	1.0
928	2	1.0
928	798	1.0
929	922	1.0
929	227	1.0
930	64	1.0
930	2	1.0
931	904	1.0
931	221	1.0
932	425	1.0
932	35	1.0
933	553	1.0
933	36	1.0
934	146	1.0
934	407	1.0
935	338	1.0
935	548	1.0
936	305	1.0
936	2	1.0
937	778	1.0
937	53	1.0
938	832	1.0
938	168	1.0
939	51	1.0
939	76	1.0
940	98	1.0
940	263	1.0
941	513	1.0
941	78	1.0
942	674	1.0
942	12	1.0
943	601	1.0
943	662	1.0
944	690	1.0
944	35	1.0
945	824	1.0
945	940	1.0
946	770	1.0
946	3	1.0
947	304	1.0
947	615	1.0
948	116	1.0
948	21	1.0
949	610	1.0
949	5	1.0
950	426	1.0
950	78	1.0
951	593	1.0
951	54	1.0
952	400	1.0
952	396	1.0
953	898	1.0
953	876	1.0
954	626	1.0
954	34	1.0
955	302	1.0
955	374	1.0
956	267	1.0
956	340	1.0
957	801	1.0
957	349	1.0
958	1	1.0
958	67	1.0
959	435	1.0
959	5	1.0
960	14	1.0
960	7	1.0
961	417	1.0
961	759	1.0
962	784	1.0
962	807	1.0
963	629	1.0
963	799	1.0
964	568	1.0
964	94	1.0
965	2	1.0
965	6	1.0
966	290	1.0
966	253	1.0
967	2	1.0
967	531	1.0
968	57	1.0
968	302	1.0
969	184	1.0
969	7	1.0
970	5	1.0
970	333	1.0
971	333	1.0
971	293	1.0
972	784	1.0
972	838	1.0
973	825	1.0
973	245	1.0
974	65	1.0
974	89	1.0
975	51	1.0
975	31	1.0
976	922	1.0
976	572	1.0
977	452	1.0
977	7	1.0
978	928	1.0
978	44	1.0
979	25	1.0
979	43	1.0
980	369	1.0
980	29	1.0
981	332	1.0
981	919	1.0
982	432	1.0
982	5	1.0
983	739	1.0
983	687	1.0
984	11	1.0
984	294	1.0
985	4	1.0
985	23	1.0
986	338	1.0
986	707	1.0
987	298	1.0
987	806	1.0
988	25	1.0
988	402	1.0
989	11	1.0
989	4	1.0
990	560	1.0
990	790	1.0
991	5	1.0
991	78	1.0
992	9	1.0
992	374	1.0
993	42	1.0
993	63	1.0
994	947	1.0
994	581	1.0
995	59	1.0
995	236	1.0
996	274	1.0
996	574	1.0
997	16	1.0
997	126	1.0
998	402	1.0
998	732	1.0
999	706	1.0
999	222	1.0
1000	201	1.0
1000	162	1.0
1001	257	1.0
1001	684	1.0
1002	11	1.0
1002	956	1.0
1003	120	1.0
1003	206	1.0
1004	49	1.0
1004	237	1.0
1005	274	1.0
1005	2	1.0
1006	121	1.0
1006	49	1.0
1007	109	1.0
1007	157	1.0
1008	850	1.0
1008	11	1.0
1009	856	1.0
1009	812	1.0
1010	11	1.0
1010	7	1.0
1011	7	1.0
1011	119	1.0
1012	96	1.0
1012	45	1.0
1013	187	1.0
1013	103	1.0
1014	650	1.0
1014	631	1.0
1015	691	1.0
1015	679	1.0
1016	914	1.0
1016	44	1.0
1017	2	1.0
1017	363	1.0
1018	30	1.0
1018	183	1.0
1019	5	1.0
1019	911	1.0
1020	24	1.0
1020	191	1.0
1021	893	1.0
1021	23	1.0
1022	497	1.0
1022	990	1.0
1023	479	1.0
1023	223	1.0
1024	1008	1.0
1024	29	1.0
1025	749	1.0
1025	47	1.0
1026	37	1.0
1026	182	1.0
1027	73	1.0
1027	151	1.0
1028	266	1.0
1028	438	1.0
1029	88	1.0
1029	974	1.0
1030	801	1.0
1030	205	1.0
1031	152	1.0
1031	176	1.0
1032	812	1.0
1032	7	1.0
1033	288	1.0
1033	6	1.0
1034	828	1.0
1034	6	1.0
1035	83	1.0
1035	581	1.0
1036	682	1.0
1036	507	1.0
1037	146	1.0
1037	866	1.0
1038	18	1.0
1038	483	1.0
1039	209	1.0
1039	514	1.0
1040	90	1.0
1040	741	1.0
1041	569	1.0
1041	459	1.0
1042	602	1.0
1042	12	1.0
1043	796	1.0
1043	574	1.0
1044	768	1.0
1044	95	1.0
1045	83	1.0
1045	207	1.0
1046	160	1.0
1046	212	1.0
1047	939	1.0
1047	4	1.0
1048	8	1.0
1048	993	1.0
1049	92	1.0
1049	37	1.0
1050	341	1.0
1050	230	1.0
1051	112	1.0
1051	167	1.0
1052	98	1.0
1052	292	1.0
1053	317	1.0
1053	790	1.0
1054	276	1.0
1054	503	1.0
1055	754	1.0
1055	757	1.0
1056	858	1.0
1056	598	1.0
1057	924	1.0
1057	71	1.0
1058	898	1.0
1058	570	1.0
1059	169	1.0
1059	243	1.0
1060	7	1.0
1060	255	1.0
1061	188	1.0
1061	172	1.0
1062	612	1.0
1062	388	1.0
1063	788	1.0
1063	157	1.0
1064	12	1.0
1064	14	1.0
1065	75	1.0
1065	239	1.0
1066	238	1.0
1066	7	1.0
1067	137	1.0
1067	674	1.0
1068	162	1.0
1068	446	1.0
1069	796	1.0
1069	5	1.0
1070	232	1.0
1070	31	1.0
1071	515	1.0
1071	327	1.0
1072	417	1.0
1072	273	1.0
1073	1028	1.0
1073	92	1.0
1074	898	1.0
1074	255	1.0
1075	48	1.0
1075	742	1.0
1076	67	1.0
1076	861	1.0
1077	361	1.0
1077	372	1.0
1078	290	1.0
1078	467	1.0
1079	898	1.0
1079	115	1.0
1080	57	1.0
1080	253	1.0
1081	914	1.0
1081	447	1.0
1082	505	1.0
1082	17	1.0
1083	403	1.0
1083	198	1.0
1084	9	1.0
1084	51	1.0
1085	10	1.0
1085	51	1.0
1086	555	1.0
1086	910	1.0
1087	388	1.0
1087	303	1.0
1088	51	1.0
1088	231	1.0
1089	634	1.0
1089	542	1.0
1090	420	1.0
1090	239	1.0
1091	568	1.0
1091	471	1.0
1092	468	1.0
1092	430	1.0
1093	379	1.0
1093	107	1.0
1094	42	1.0
1094	5	1.0
1095	77	1.0
1095	167	1.0
1096	641	1.0
1096	882	1.0
1097	753	1.0
1097	298	1.0
1098	628	1.0
1098	285	1.0
1099	12	1.0
1099	183	1.0
1100	73	1.0
1100	7	1.0
1101	992	1.0
1101	47	1.0
1102	24	1.0
1102	76	1.0
1103	619	1.0
1103	293	1.0
1104	1072	1.0
1104	439	1.0
1105	58	1.0
1105	206	1.0
1106	198	1.0
1106	111	1.0
1107	90	1.0
1107	468	1.0
1108	64	1.0
1108	286	1.0
1109	321	1.0
1109	413	1.0
1110	58	1.0
1110	35	1.0
1111	289	1.0
1111	1022	1.0
1112	707	1.0
1112	12	1.0
1113	40	1.0
1113	162	1.0
1114	219	1.0
1114	510	1.0
1115	128	1.0
1115	517	1.0
1116	89	1.0
1116	574	1.0
1117	66	1.0
1117	707	1.0
1118	961	1.0
1118	862	1.0
1119	34	1.0
1119	12	1.0
1120	517	1.0
1120	14	1.0
1121	569	1.0
1121	788	1.0
1122	41	1.0
1122	7	1.0
1123	8	1.0
1123	162	1.0
1124	338	1.0
1124	109	1.0
1125	2	1.0
1125	86	1.0
1126	153	1.0
1126	569	1.0
1127	392	1.0
1127	49	1.0
1128	718	1.0
1128	111	1.0
1129	273	1.0
1129	178	1.0
1130	676	1.0
1130	118	1.0
1131	99	1.0
1131	227	1.0
1132	126	1.0
1132	7	1.0
1133	96	1.0
1133	0	1.0
1134	154	1.0
1134	1119	1.0
1135	161	1.0
1135	412	1.0
1136	74	1.0
1136	39	1.0
1137	5	1.0
1137	502	1.0
1138	1117	1.0
1138	46	1.0
1139	2	1.0
1139	604	1.0
1140	11	1.0
1140	438	1.0
1141	83	1.0
1141	838	1.0
1142	149	1.0
1142	974	1.0
1143	762	1.0
1143	35	1.0
1144	4	1.0
1144	909	1.0
1145	204	1.0
1145	662	1.0
1146	299	1.0
1146	293	1.0
1147	291	1.0
1147	971	1.0
1148	97	1.0
1148	391	1.0
1149	7	1.0
1149	95	1.0
1150	666	1.0
1150	327	1.0
1151	24	1.0
1151	66	1.0
1152	249	1.0
1152	191	1.0
1153	546	1.0
1153	116	1.0
1154	940	1.0
1154	292	1.0
1155	196	1.0
1155	1013	1.0
1156	592	1.0
1156	801	1.0
1157	315	1.0
1157	238	1.0
1158	37	1.0
1158	318	1.0
1159	224	1.0
1159	619	1.0
1160	409	1.0
1160	103	1.0
1161	707	1.0
1161	839	1.0
1162	145	1.0
1162	898	1.0
1163	11	1.0
1163	732	1.0
1164	713	1.0
1164	52	1.0
1165	309	1.0
1165	1109	1.0
1166	178	1.0
1166	133	1.0
1167	641	1.0
1167	982	1.0
1168	473	1.0
1168	132	1.0
1169	2	1.0
1169	90	1.0
1170	12	1.0
1170	13	1.0
1171	592	1.0
1171	47	1.0
1172	64	1.0
1172	476	1.0
1173	400	1.0
1173	435	1.0
1174	1104	1.0
1174	1154	1.0
1175	640	1.0
1175	945	1.0
1176	83	1.0
1176	791	1.0
1177	35	1.0
1177	383	1.0
1178	154	1.0
1178	5	1.0
1179	88	1.0
1179	297	1.0
1180	102	1.0
1180	7	1.0
1181	90	1.0
1181	86	1.0
1182	110	1.0
1182	207	1.0
1183	57	1.0
1183	315	1.0
1184	1152	1.0
1184	616	1.0
1185	51	1.0
1185	327	1.0
1186	552	1.0
1186	222	1.0
1187	1	1.0
1187	974	1.0
1188	826	1.0
1188	3	1.0
1189	306	1.0
1189	95	1.0
1190	451	1.0
1190	973	1.0
1191	202	1.0
1191	1147	1.0
1192	893	1.0
1192	199	1.0
1193	74	1.0
1193	447	1.0
1194	73	1.0
1194	13	1.0
1195	67	1.0
1195	12	1.0
1196	84	1.0
1196	45	1.0
1197	43	1.0
1197	7	1.0
1198	184	1.0
1198	101	1.0
1199	162	1.0
1199	116	1.0
1200	61	1.0
1200	397	1.0
1201	5	1.0
1201	1103	1.0
1202	945	1.0
1202	161	1.0
1203	116	1.0
1203	406	1.0
1204	33	1.0
1204	525	1.0
1205	184	1.0
1205	859	1.0
1206	200	1.0
1206	326	1.0
1207	1129	1.0
1207	4	1.0
1208	115	1.0
1208	254	1.0
1209	344	1.0
1209	43	1.0
1210	337	1.0
1210	1199	1.0
1211	98	1.0
1211	262	1.0
1212	12	1.0
1212	133	1.0
1213	874	1.0
1213	1027	1.0
1214	208	1.0
1214	77	1.0
1215	132	1.0
1215	7	1.0
1216	145	1.0
1216	971	1.0
1217	922	1.0
1217	55	1.0
1218	593	1.0
1218	446	1.0
1219	1	1.0
1219	122	1.0
1220	67	1.0
1220	581	1.0
1221	488	1.0
1221	31	1.0
1222	883	1.0
1222	118	1.0
1223	709	1.0
1223	55	1.0
1224	115	1.0
1224	30	1.0
1225	1213	1.0
1225	406	1.0
1226	32	1.0
1226	411	1.0
1227	576	1.0
1227	513	1.0
1228	121	1.0
1228	115	1.0
1229	346	1.0
1229	51	1.0
1230	1028	1.0
1230	22	1.0
1231	1	1.0
1231	1085	1.0
1232	6	1.0
1232	1127	1.0
1233	4	1.0
1233	679	1.0
1234	48	1.0
1234	12	1.0
1235	185	1.0
1235	98	1.0
1236	620	1.0
1236	263	1.0
1237	688	1.0
1237	273	1.0
1238	12	1.0
1238	253	1.0
1239	252	1.0
1239	6	1.0
1240	208	1.0
1240	162	1.0
1241	138	1.0
1241	980	1.0
1242	382	1.0
1242	935	1.0
1243	280	1.0
1243	369	1.0
1244	460	1.0
1244	741	1.0
1245	121	1.0
1245	293	1.0
1246	157	1.0
1246	119	1.0
1247	65	1.0
1247	2	1.0
1248	432	1.0
1248	1228	1.0
1249	218	1.0
1249	1125	1.0
1250	784	1.0
1250	507	1.0
1251	291	1.0
1251	517	1.0
1252	577	1.0
1252	591	1.0
1253	167	1.0
1253	1207	1.0
1254	11	1.0
1254	77	1.0
1255	468	1.0
1255	119	1.0
1256	842	1.0
1256	27	1.0
1257	266	1.0
1257	866	1.0
1258	53	1.0
1258	1087	1.0
1259	334	1.0
1259	927	1.0
1260	41	1.0
1260	639	1.0
1261	40	1.0
1261	293	1.0
1262	273	1.0
1262	876	1.0
1263	83	1.0
1263	181	1.0
1264	372	1.0
1264	108	1.0
1265	304	1.0
1265	1	1.0
1266	5	1.0
1266	686	1.0
1267	406	1.0
1267	967	1.0
1268	384	1.0
1268	212	1.0
1269	116	1.0
1269	292	1.0
1270	2	1.0
1270	7	1.0
1271	1186	1.0
1271	861	1.0
1272	698	1.0
1272	6	1.0
1273	202	1.0
1273	182	1.0
1274	619	1.0
1274	1204	1.0
1275	77	1.0
1275	1191	1.0
1276	81	1.0
1276	203	1.0
1277	517	1.0
1277	79	1.0
1278	896	1.0
1278	468	1.0
1279	257	1.0
1279	5	1.0
1280	5	1.0
1280	238	1.0
1281	1123	1.0
1281	203	1.0
1282	29	1.0
1282	142	1.0
1283	92	1.0
1283	133	1.0
1284	77	1.0
1284	943	1.0
1285	2	1.0
1285	740	1.0
1286	1017	1.0
1286	867	1.0
1287	59	1.0
1287	612	1.0
1288	372	1.0
1288	526	1.0
1289	1016	1.0
1289	1213	1.0
1290	440	1.0
1290	361	1.0
1291	112	1.0
1291	1060	1.0
1292	96	1.0
1292	133	1.0
1293	410	1.0
1293	335	1.0
1294	49	1.0
1294	990	1.0
1295	110	1.0
1295	359	1.0
1296	1212	1.0
1296	182	1.0
1297	0	1.0
1297	67	1.0
1298	803	1.0
1298	311	1.0
1299	277	1.0
1299	623	1.0
1300	5	1.0
1300	589	1.0
1301	840	1.0
1301	947	1.0
1302	1025	1.0
1302	5	1.0
1303	44	1.0
1303	206	1.0
1304	80	1.0
1304	435	1.0
1305	682	1.0
1305	132	1.0
1306	1026	1.0
1306	813	1.0
1307	365	1.0
1307	143	1.0
1308	304	1.0
1308	145	1.0
1309	691	1.0
1309	86	1.0
1310	298	1.0
1310	1107	1.0
1311	1	1.0
1311	11	1.0
1312	1109	1.0
1312	1237	1.0
1313	1058	1.0
1313	1157	1.0
1314	67	1.0
1314	461	1.0
1315	932	1.0
1315	277	1.0
1316	667	1.0
1316	675	1.0
1317	37	1.0
1317	1199	1.0
1318	106	1.0
1318	21	1.0
1319	892	1.0
1319	989	1.0
1320	106	1.0
1320	395	1.0
1321	392	1.0
1321	128	1.0
1322	472	1.0
1322	1	1.0
1323	568	1.0
1323	4	1.0
1324	1092	1.0
1324	15	1.0
1325	169	1.0
1325	1202	1.0
1326	978	1.0
1326	277	1.0
1327	40	1.0
1327	587	1.0
1328	43	1.0
1328	52	1.0
1329	402	1.0
1329	2	1.0
1330	80	1.0
1330	23	1.0
1331	87	1.0
1331	79	1.0
1332	25	1.0
1332	519	1.0
1333	370	1.0
1333	614	1.0
1334	115	1.0
1334	571	1.0
1335	321	1.0
1335	12	1.0
1336	396	1.0
1336	1079	1.0
1337	564	1.0
1337	6	1.0
1338	121	1.0
1338	209	1.0
1339	368	1.0
1339	132	1.0
1340	9	1.0
1340	372	1.0
1341	0	1.0
1341	1120	1.0
1342	432	1.0
1342	1122	1.0
1343	434	1.0
1343	5	1.0
1344	672	1.0
1344	410	1.0
1345	481	1.0
1345	103	1.0
1346	161	1.0
1346	963	1.0
1347	56	1.0
1347	468	1.0
1348	698	1.0
1348	39	1.0
1349	274	1.0
1349	1149	1.0
1350	626	1.0
1350	788	1.0
1351	70	1.0
1351	167	1.0
1352	211	1.0
1352	981	1.0
1353	1	1.0
1353	3	1.0
1354	849	1.0
1354	215	1.0
1355	491	1.0
1355	1238	1.0
1356	691	1.0
1356	111	1.0
1357	24	1.0
1357	670	1.0
1358	1	1.0
1358	95	1.0
1359	273	1.0
1359	471	1.0
1360	1226	1.0
1360	139	1.0
1361	289	1.0
1361	1293	1.0
1362	392	1.0
1362	292	1.0
1363	876	1.0
1363	158	1.0
1364	1317	1.0
1364	85	1.0
1365	67	1.0
1365	671	1.0
1366	579	1.0
1366	23	1.0
1367	158	1.0
1367	199	1.0
1368	834	1.0
1368	546	1.0
1369	1	1.0
1369	926	1.0
1370	876	1.0
1370	12	1.0
1371	67	1.0
1371	5	1.0
1372	241	1.0
1372	31	1.0
1373	649	1.0
1373	956	1.0
1374	1228	1.0
1374	990	1.0
1375	1224	1.0
1375	1177	1.0
1376	792	1.0
1376	468	1.0
1377	1187	1.0
1377	46	1.0
1378	671	1.0
1378	135	1.0
1379	178	1.0
1379	14	1.0
1380	2	1.0
1380	363	1.0
1381	113	1.0
1381	78	1.0
1382	49	1.0
1382	47	1.0
1383	84	1.0
1383	102	1.0
1384	73	1.0
1384	932	1.0
1385	11	1.0
1385	5	1.0
1386	83	1.0
1386	902	1.0
1387	35	1.0
1387	918	1.0
1388	368	1.0
1388	875	1.0
1389	1132	1.0
1389	493	1.0
1390	306	1.0
1390	356	1.0
1391	40	1.0
1391	561	1.0
1392	40	1.0
1392	799	1.0
1393	1374	1.0
1393	30	1.0
1394	658	1.0
1394	85	1.0
1395	56	1.0
1395	29	1.0
1396	72	1.0
1396	723	1.0
1397	185	1.0
1397	666	1.0
1398	1	1.0
1398	772	1.0
1399	258	1.0
1399	12	1.0
1400	1216	1.0
1400	849	1.0
1401	368	1.0
1401	29	1.0
1402	219	1.0
1402	1079	1.0
1403	1	1.0
1403	37	1.0
1404	51	1.0
1404	14	1.0
1405	1332	1.0
1405	253	1.0
1406	717	1.0
1406	205	1.0
1407	42	1.0
1407	525	1.0
1408	1201	1.0
1408	1196	1.0
1409	125	1.0
1409	1197	1.0
1410	632	1.0
1410	1092	1.0
1411	333	1.0
1411	191	1.0
1412	83	1.0
1412	61	1.0
1413	168	1.0
1413	244	1.0
1414	1228	1.0
1414	500	1.0
1415	301	1.0
1415	87	1.0
1416	432	1.0
1416	57	1.0
1417	33	1.0
1417	766	1.0
1418	468	1.0
1418	1367	1.0
1419	11	1.0
1419	279	1.0
1420	1232	1.0
1420	392	1.0
1421	180	1.0
1421	31	1.0
1422	412	1.0
1422	709	1.0
1423	1027	1.0
1423	1309	1.0
1424	53	1.0
1424	1173	1.0
1425	360	1.0
1425	850	1.0
1426	368	1.0
1426	7	1.0
1427	48	1.0
1427	741	1.0
1428	400	1.0
1428	52	1.0
1429	154	1.0
1429	269	1.0
1430	120	1.0
1430	1338	1.0
1431	874	1.0
1431	452	1.0
1432	330	1.0
1432	1230	1.0
1433	429	1.0
1433	854	1.0
1434	65	1.0
1434	49	1.0
1435	169	1.0
1435	116	1.0
1436	106	1.0
1436	612	1.0
1437	1018	1.0
1437	31	1.0
1438	873	1.0
1438	1260	1.0
1439	1083	1.0
1439	124	1.0
1440	310	1.0
1440	935	1.0
1441	136	1.0
1441	180	1.0
1442	577	1.0
1442	733	1.0
1443	20	1.0
1443	1117	1.0
1444	75	1.0
1444	12	1.0
1445	120	1.0
1445	374	1.0
1446	552	1.0
1446	508	1.0
1447	209	1.0
1447	7	1.0
1448	627	1.0
1448	419	1.0
1449	963	1.0
1449	287	1.0
1450	292	1.0
1450	30	1.0
1451	618	1.0
1451	7	1.0
1452	417	1.0
1452	799	1.0
1453	661	1.0
1453	1302	1.0
1454	25	1.0
1454	354	1.0
1455	596	1.0
1455	29	1.0
1456	1129	1.0
1456	606	1.0
1457	3	1.0
1457	115	1.0
1458	258	1.0
1458	23	1.0
1459	2	1.0
1459	1374	1.0
1460	59	1.0
1460	1219	1.0
1461	1396	1.0
1461	60	1.0
1462	426	1.0
1462	898	1.0
1463	10	1.0
1463	262	1.0
1464	988	1.0
1464	53	1.0
1465	742	1.0
1465	527	1.0
1466	52	1.0
1466	60	1.0
1467	912	1.0
1467	4	1.0
1468	122	1.0
1468	412	1.0
1469	1249	1.0
1469	204	1.0
1470	1330	1.0
1470	7	1.0
1471	2	1.0
1471	45	1.0
1472	40	1.0
1472	634	1.0
1473	626	1.0
1473	1051	1.0
1474	52	1.0
1474	7	1.0
1475	106	1.0
1475	1350	1.0
1476	907	1.0
1476	349	1.0
1477	866	1.0
1477	12	1.0
1478	892	1.0
1478	7	1.0
1479	1421	1.0
1479	78	1.0
1480	2	1.0
1480	1301	1.0
1481	283	1.0
1481	335	1.0
1482	116	1.0
1482	37	1.0
1483	97	1.0
1483	83	1.0
1484	536	1.0
1484	274	1.0
1485	320	1.0
1485	442	1.0
1486	253	1.0
1486	439	1.0
1487	729	1.0
1487	348	1.0
1488	97	1.0
1488	154	1.0
1489	930	1.0
1489	411	1.0
1490	315	1.0
1490	1031	1.0
1491	2	1.0
1491	76	1.0
1492	106	1.0
1492	435	1.0
1493	522	1.0
1493	31	1.0
1494	51	1.0
1494	4	1.0
1495	962	1.0
1495	4	1.0
1496	290	1.0
1496	5	1.0
1497	11	1.0
1497	47	1.0
1498	1480	1.0
1498	347	1.0
1499	939	1.0
1499	215	1.0
1500	2	1.0
1500	204	1.0
1501	1	1.0
1501	1347	1.0
1502	598	1.0
1502	510	1.0
1503	248	1.0
1503	1062	1.0
1504	26	1.0
1504	235	1.0
1505	811	1.0
1505	1214	1.0
1506	851	1.0
1506	695	1.0
1507	384	1.0
1507	59	1.0
1508	1471	1.0
1508	471	1.0
1509	1322	1.0
1509	660	1.0
1510	16	1.0
1510	63	1.0
1511	5	1.0
1511	62	1.0
1512	1	1.0
1512	1412	1.0
1513	716	1.0
1513	116	1.0
1514	601	1.0
1514	166	1.0
1515	398	1.0
1515	1423	1.0
1516	1142	1.0
1516	7	1.0
1517	53	1.0
1517	1238	1.0
1518	90	1.0
1518	238	1.0
1519	328	1.0
1519	292	1.0
1520	1316	1.0
1520	63	1.0
1521	46	1.0
1521	1319	1.0
1522	66	1.0
1522	11	1.0
1523	606	1.0
1523	279	1.0
1524	1163	1.0
1524	405	1.0
1525	674	1.0
1525	92	1.0
1526	8	1.0
1526	2	1.0
1527	1208	1.0
1527	1257	1.0
1528	398	1.0
1528	943	1.0
1529	614	1.0
1529	15	1.0
1530	304	1.0
1530	1	1.0
1531	196	1.0
1531	670	1.0
1532	1091	1.0
1532	222	1.0
1533	595	1.0
1533	14	1.0
1534	839	1.0
1534	7	1.0
1535	517	1.0
1535	567	1.0
1536	179	1.0
1536	7	1.0
1537	160	1.0
1537	13	1.0
1538	397	1.0
1538	14	1.0
1539	460	1.0
1539	340	1.0
1540	1212	1.0
1540	6	1.0
1541	137	1.0
1541	41	1.0
1542	608	1.0
1542	7	1.0
1543	90	1.0
1543	51	1.0
1544	83	1.0
1544	53	1.0
1545	206	1.0
1545	215	1.0
1546	241	1.0
1546	11	1.0
1547	540	1.0
1547	1295	1.0
1548	11	1.0
1548	591	1.0
1549	1338	1.0
1549	1301	1.0
1550	12	1.0
1550	6	1.0
1551	1442	1.0
1551	283	1.0
1552	44	1.0
1552	359	1.0
1553	1342	1.0
1553	1374	1.0
1554	1041	1.0
1554	1243	1.0
1555	106	1.0
1555	370	1.0
1556	558	1.0
1556	1367	1.0
1557	547	1.0
1557	1367	1.0
1558	304	1.0
1558	596	1.0
1559	1029	1.0
1559	773	1.0
1560	1473	1.0
1560	658	1.0
1561	1378	1.0
1561	318	1.0
1562	253	1.0
1562	1205	1.0
1563	1377	1.0
1563	596	1.0
1564	66	1.0
1564	610	1.0
1565	87	1.0
1565	255	1.0
1566	914	1.0
1566	990	1.0
1567	1149	1.0
1567	759	1.0
1568	202	1.0
1568	155	1.0
1569	708	1.0
1569	1013	1.0
1570	237	1.0
1570	1182	1.0
1571	23	1.0
1571	303	1.0
1572	410	1.0
1572	899	1.0
1573	239	1.0
1573	519	1.0
1574	746	1.0
1574	86	1.0
1575	1010	1.0
1575	661	1.0
1576	328	1.0
1576	6	1.0
1577	209	1.0
1577	115	1.0
1578	1041	1.0
1578	1173	1.0
1579	632	1.0
1579	66	1.0
1580	656	1.0
1580	4	1.0
1581	372	1.0
1581	1108	1.0
1582	472	1.0
1582	225	1.0
1583	1025	1.0
1583	1316	1.0
1584	1425	1.0
1584	202	1.0
1585	626	1.0
1585	999	1.0
1586	361	1.0
1586	151	1.0
1587	66	1.0
1587	691	1.0
1588	1209	1.0
1588	255	1.0
1589	67	1.0
1589	1540	1.0
1590	209	1.0
1590	12	1.0
1591	315	1.0
1591	1028	1.0
1592	98	1.0
1592	350	1.0
1593	3	1.0
1593	83	1.0
1594	178	1.0
1594	1205	1.0
1595	409	1.0
1595	227	1.0
1596	954	1.0
1596	14	1.0
1597	820	1.0
1597	269	1.0
1598	1538	1.0
1598	173	1.0
1599	588	1.0
1599	6	1.0
1600	1241	1.0
1600	2	1.0
1601	43	1.0
1601	292	1.0
1602	1449	1.0
1602	189	1.0
1603	49	1.0
1603	772	1.0
1604	1451	1.0
1604	476	1.0
1605	1056	1.0
1605	12	1.0
1606	1171	1.0
1606	87	1.0
1607	70	1.0
1607	391	1.0
1608	33	1.0
1608	636	1.0
1609	43	1.0
1609	1390	1.0
1610	11	1.0
1610	111	1.0
1611	489	1.0
1611	2	1.0
1612	49	1.0
1612	191	1.0
1613	67	1.0
1613	12	1.0
1614	1059	1.0
1614	495	1.0
1615	1124	1.0
1615	1525	1.0
1616	2	1.0
1616	1042	1.0
1617	361	1.0
1617	50	1.0
1618	1012	1.0
1618	1199	1.0
1619	1469	1.0
1619	30	1.0
1620	25	1.0
1620	77	1.0
1621	50	1.0
1621	179	1.0
1622	817	1.0
1622	650	1.0
1623	120	1.0
1623	266	1.0
1624	64	1.0
1624	857	1.0
1625	1366	1.0
1625	7	1.0
1626	242	1.0
1626	1406	1.0
1627	8	1.0
1627	59	1.0
1628	46	1.0
1628	111	1.0
1629	849	1.0
1629	791	1.0
1630	803	1.0
1630	262	1.0
1631	1242	1.0
1631	1346	1.0
1632	370	1.0
1632	530	1.0
1633	317	1.0
1633	1615	1.0
1634	5	1.0
1634	806	1.0
1635	1297	1.0
1635	943	1.0
1636	1117	1.0
1636	62	1.0
1637	883	1.0
1637	5	1.0
1638	40	1.0
1638	1051	1.0
1639	1565	1.0
1639	302	1.0
1640	537	1.0
1640	1399	1.0
1641	29	1.0
1641	1086	1.0
1642	1534	1.0
1642	1343	1.0
1643	59	1.0
1643	127	1.0
1644	139	1.0
1644	126	1.0
1645	1516	1.0
1645	5	1.0
1646	382	1.0
1646	766	1.0
1647	456	1.0
1647	551	1.0
1648	508	1.0
1648	61	1.0
1649	1129	1.0
1649	5	1.0
1650	83	1.0
1650	183	1.0
1651	516	1.0
1651	12	1.0
1652	3	1.0
1652	11	1.0
1653	1256	1.0
1653	940	1.0
1654	315	1.0
1654	269	1.0
1655	276	1.0
1655	341	1.0
1656	1339	1.0
1656	110	1.0
1657	963	1.0
1657	710	1.0
1658	162	1.0
1658	157	1.0
1659	1089	1.0
1659	290	1.0
1660	561	1.0
1660	1341	1.0
1661	27	1.0
1661	1487	1.0
1662	1338	1.0
1662	1342	1.0
1663	637	1.0
1663	543	1.0
1664	32	1.0
1664	771	1.0
1665	912	1.0
1665	902	1.0
1666	440	1.0
1666	1558	1.0
1667	333	1.0
1667	471	1.0
1668	1112	1.0
1668	853	1.0
1669	1	1.0
1669	293	1.0
1670	432	1.0
1670	523	1.0
1671	148	1.0
1671	151	1.0
1672	1442	1.0
1672	1501	1.0
1673	2	1.0
1673	1334	1.0
1674	232	1.0
1674	735	1.0
1675	641	1.0
1675	3	1.0
1676	760	1.0
1676	7	1.0
1677	24	1.0
1677	110	1.0
1678	152	1.0
1678	399	1.0
1679	1636	1.0
1679	62	1.0
1680	1557	1.0
1680	181	1.0
1681	205	1.0
1681	687	1.0
1682	145	1.0
1682	1502	1.0
1683	636	1.0
1683	1124	1.0
1684	395	1.0
1684	1663	1.0
1685	363	1.0
1685	308	1.0
1686	37	1.0
1686	157	1.0
1687	856	1.0
1687	70	1.0
1688	1090	1.0
1688	668	1.0
1689	808	1.0
1689	1584	1.0
1690	3	1.0
1690	167	1.0
1691	315	1.0
1691	1399	1.0
1692	128	1.0
1692	153	1.0
1693	1288	1.0
1693	1054	1.0
1694	172	1.0
1694	957	1.0
1695	3	1.0
1695	422	1.0
1696	1	1.0
1696	323	1.0
1697	722	1.0
1697	1195	1.0
1698	1104	1.0
1698	1263	1.0
1699	1049	1.0
1699	6	1.0
1700	172	1.0
1700	1407	1.0
1701	185	1.0
1701	2	1.0
1702	325	1.0
1702	1118	1.0
1703	616	1.0
1703	738	1.0
1704	1309	1.0
1704	325	1.0
1705	298	1.0
1705	31	1.0
1706	383	1.0
1706	199	1.0
1707	35	1.0
1707	1341	1.0
1708	273	1.0
1708	1166	1.0
1709	873	1.0
1709	212	1.0
1710	1544	1.0
1710	182	1.0
1711	257	1.0
1711	6	1.0
1712	84	1.0
1712	413	1.0
1713	1067	1.0
1713	253	1.0
1714	232	1.0
1714	14	1.0
1715	1190	1.0
1715	14	1.0
1716	16	1.0
1716	253	1.0
1717	272	1.0
1717	542	1.0
1718	54	1.0
1718	614	1.0
1719	205	1.0
1719	238	1.0
1720	312	1.0
1720	559	1.0
1721	498	1.0
1721	7	1.0
1722	56	1.0
1722	609	1.0
1723	1707	1.0
1723	1222	1.0
1724	916	1.0
1724	949	1.0
1725	442	1.0
1725	11	1.0
1726	395	1.0
1726	1308	1.0
1727	668	1.0
1727	94	1.0
1728	832	1.0
1728	578	1.0
1729	1008	1.0
1729	95	1.0
1730	169	1.0
1730	398	1.0
1731	1276	1.0
1731	13	1.0
1732	136	1.0
1732	334	1.0
1733	77	1.0
1733	7	1.0
1734	961	1.0
1734	219	1.0
1735	58	1.0
1735	1414	1.0
1736	1622	1.0
1736	279	1.0
1737	676	1.0
1737	1612	1.0
1738	835	1.0
1738	1527	1.0
1739	48	1.0
1739	2	1.0
1740	1648	1.0
1740	35	1.0
1741	152	1.0
1741	907	1.0
1742	57	1.0
1742	162	1.0
1743	12	1.0
1743	263	1.0
1744	169	1.0
1744	1023	1.0
1745	2	1.0
1745	303	1.0
1746	1606	1.0
1746	63	1.0
1747	579	1.0
1747	439	1.0
1748	104	1.0
1748	1652	1.0
1749	1412	1.0
1749	84	1.0
1750	1121	1.0
1750	933	1.0
1751	204	1.0
1751	862	1.0
1752	898	1.0
1752	971	1.0
1753	21	1.0
1753	885	1.0
1754	858	1.0
1754	1575	1.0
1755	3	1.0
1755	971	1.0
1756	1587	1.0
1756	589	1.0
1757	1265	1.0
1757	1148	1.0
1758	1042	1.0
1758	3	1.0
1759	546	1.0
1759	1402	1.0
1760	98	1.0
1760	798	1.0
1761	1445	1.0
1761	1734	1.0
1762	1435	1.0
1762	460	1.0
1763	1489	1.0
1763	110	1.0
1764	144	1.0
1764	25	1.0
1765	440	1.0
1765	42	1.0
1766	1342	1.0
1766	7	1.0
1767	23	1.0
1767	639	1.0
1768	328	1.0
1768	879	1.0
1769	683	1.0
1769	427	1.0
1770	12	1.0
1770	95	1.0
1771	760	1.0
1771	12	1.0
1772	3	1.0
1772	14	1.0
1773	9	1.0
1773	641	1.0
1774	1720	1.0
1774	44	1.0
1775	684	1.0
1775	831	1.0
1776	1695	1.0
1776	359	1.0
1777	288	1.0
1777	439	1.0
1778	274	1.0
1778	1539	1.0
1779	1265	1.0
1779	1673	1.0
1780	701	1.0
1780	39	1.0
1781	320	1.0
1781	1299	1.0
1782	57	1.0
1782	165	1.0
1783	570	1.0
1783	1157	1.0
1784	889	1.0
1784	1075	1.0
1785	370	1.0
1785	98	1.0
1786	1072	1.0
1786	698	1.0
1787	82	1.0
1787	13	1.0
1788	33	1.0
1788	1641	1.0
1789	347	1.0
1789	5	1.0
1790	371	1.0
1790	5	1.0
1791	262	1.0
1791	1151	1.0
1792	1187	1.0
1792	534	1.0
1793	1317	1.0
1793	287	1.0
1794	331	1.0
1794	493	1.0
1795	122	1.0
1795	389	1.0
1796	2	1.0
1796	132	1.0
1797	145	1.0
1797	237	1.0
1798	1330	1.0
1798	386	1.0
1799	1669	1.0
1799	447	1.0
1800	1208	1.0
1800	1265	1.0
1801	862	1.0
1801	1327	1.0
1802	801	1.0
1802	41	1.0
1803	157	1.0
1803	342	1.0
1804	49	1.0
1804	51	1.0
1805	16	1.0
1805	1694	1.0
1806	2	1.0
1806	775	1.0
1807	1176	1.0
1807	31	1.0
1808	116	1.0
1808	660	1.0
1809	905	1.0
1809	510	1.0
1810	184	1.0
1810	935	1.0
1811	443	1.0
1811	23	1.0
1812	228	1.0
1812	310	1.0
1813	41	1.0
1813	1323	1.0
1814	12	1.0
1814	966	1.0
1815	624	1.0
1815	917	1.0
1816	273	1.0
1816	154	1.0
1817	123	1.0
1817	891	1.0
1818	413	1.0
1818	775	1.0
1819	40	1.0
1819	869	1.0
1820	29	1.0
1820	1679	1.0
1821	1361	1.0
1821	253	1.0
1822	137	1.0
1822	319	1.0
1823	211	1.0
1823	1614	1.0
1824	793	1.0
1824	12	1.0
1825	601	1.0
1825	435	1.0
1826	811	1.0
1826	1517	1.0
1827	25	1.0
1827	483	1.0
1828	1557	1.0
1828	173	1.0
1829	202	1.0
1829	31	1.0
1830	11	1.0
1830	748	1.0
1831	2	1.0
1831	1759	1.0
1832	561	1.0
1832	1575	1.0
1833	224	1.0
1833	362	1.0
1834	1697	1.0
1834	239	1.0
1835	1338	1.0
1835	118	1.0
1836	309	1.0
1836	862	1.0
1837	626	1.0
1837	1205	1.0
1838	1619	1.0
1838	668	1.0
1839	1659	1.0
1839	251	1.0
1840	1249	1.0
1840	7	1.0
1841	51	1.0
1841	525	1.0
1842	587	1.0
1842	1108	1.0
1843	394	1.0
1843	1604	1.0
1844	586	1.0
1844	1819	1.0
1845	67	1.0
1845	359	1.0
1846	92	1.0
1846	1359	1.0
1847	323	1.0
1847	1215	1.0
1848	1280	1.0
1848	1729	1.0
1849	29	1.0
1849	701	1.0
1850	1632	1.0
1850	1707	1.0
1851	116	1.0
1851	38	1.0
1852	57	1.0
1852	103	1.0
1853	1212	1.0
1853	55	1.0
1854	117	1.0
1854	1693	1.0
1855	130	1.0
1855	101	1.0
1856	1649	1.0
1856	580	1.0
1857	1088	1.0
1857	1247	1.0
1858	35	1.0
1858	238	1.0
1859	53	1.0
1859	126	1.0
1860	82	1.0
1860	5	1.0
1861	1228	1.0
1861	1783	1.0
1862	67	1.0
1862	1151	1.0
1863	205	1.0
1863	31	1.0
1864	456	1.0
1864	1209	1.0
1865	91	1.0
1865	103	1.0
1866	110	1.0
1866	30	1.0
1867	1	1.0
1867	1255	1.0
1868	232	1.0
1868	118	1.0
1869	269	1.0
1869	207	1.0
1870	298	1.0
1870	756	1.0
1871	2	1.0
1871	311	1.0
1872	104	1.0
1872	294	1.0
1873	166	1.0
1873	190	1.0
1874	1739	1.0
1874	117	1.0
1875	1484	1.0
1875	102	1.0
1876	459	1.0
1876	30	1.0
1877	369	1.0
1877	5	1.0
1878	434	1.0
1878	866	1.0
1879	1182	1.0
1879	46	1.0
1880	457	1.0
1880	775	1.0
1881	864	1.0
1881	278	1.0
1882	242	1.0
1882	423	1.0
1883	249	1.0
1883	310	1.0
1884	1112	1.0
1884	20	1.0
1885	630	1.0
1885	1471	1.0
1886	775	1.0
1886	63	1.0
1887	192	1.0
1887	610	1.0
1888	859	1.0
1888	11	1.0
1889	25	1.0
1889	23	1.0
1890	361	1.0
1890	729	1.0
1891	88	1.0
1891	1226	1.0
1892	162	1.0
1892	7	1.0
1893	66	1.0
1893	731	1.0
1894	51	1.0
1894	191	1.0
1895	409	1.0
1895	106	1.0
1896	149	1.0
1896	7	1.0
1897	688	1.0
1897	126	1.0
1898	1712	1.0
1898	67	1.0
1899	128	1.0
1899	280	1.0
1900	1823	1.0
1900	47	1.0
1901	122	1.0
1901	86	1.0
1902	1426	1.0
1902	1643	1.0
1903	904	1.0
1903	510	1.0
1904	24	1.0
1904	2	1.0
1905	3	1.0
1905	14	1.0
1906	66	1.0
1906	794	1.0
1907	661	1.0
1907	119	1.0
1908	205	1.0
1908	999	1.0
1909	1577	1.0
1909	1138	1.0
1910	760	1.0
1910	658	1.0
1911	665	1.0
1911	1527	1.0
1912	1891	1.0
1912	77	1.0
1913	592	1.0
1913	255	1.0
1914	76	1.0
1914	14	1.0
1915	1394	1.0
1915	1276	1.0
1916	1117	1.0
1916	1503	1.0
1917	395	1.0
1917	830	1.0
1918	154	1.0
1918	67	1.0
1919	797	1.0
1919	1653	1.0
1920	1244	1.0
1920	1100	1.0
1921	329	1.0
1921	236	1.0
1922	1624	1.0
1922	270	1.0
1923	67	1.0
1923	4	1.0
1924	587	1.0
1924	13	1.0
1925	920	1.0
1925	362	1.0
1926	12	1.0
1926	629	1.0
1927	186	1.0
1927	67	1.0
1928	181	1.0
1928	54	1.0
1929	378	1.0
1929	13	1.0
1930	317	1.0
1930	1678	1.0
1931	898	1.0
1931	412	1.0
1932	912	1.0
1932	614	1.0
1933	2	1.0
1933	298	1.0
1934	253	1.0
1934	31	1.0
1935	179	1.0
1935	413	1.0
1936	288	1.0
1936	298	1.0
1937	56	1.0
1937	287	1.0
1938	408	1.0
1938	46	1.0
1939	2	1.0
1939	1779	1.0
1940	1658	1.0
1940	67	1.0
1941	1123	1.0
1941	269	1.0
1942	27	1.0
1942	1763	1.0
1943	129	1.0
1943	150	1.0
1944	96	1.0
1944	331	1.0
1945	788	1.0
1945	119	1.0
1946	237	1.0
1946	1167	1.0
1947	90	1.0
1947	483	1.0
1948	771	1.0
1948	955	1.0
1949	1670	1.0
1949	863	1.0
1950	1833	1.0
1950	1508	1.0
1951	1249	1.0
1951	191	1.0
1952	1	1.0
1952	3	1.0
1953	5	1.0
1953	343	1.0
1954	103	1.0
1954	647	1.0
1955	634	1.0
1955	319	1.0
1956	1742	1.0
1956	215	1.0
1957	204	1.0
1957	111	1.0
1958	434	1.0
1958	851	1.0
1959	176	1.0
1959	363	1.0
1960	2	1.0
1960	27	1.0
1961	1042	1.0
1961	1542	1.0
1962	695	1.0
1962	23	1.0
1963	1852	1.0
1963	798	1.0
1964	97	1.0
1964	926	1.0
1965	236	1.0
1965	189	1.0
1966	1051	1.0
1966	206	1.0
1967	168	1.0
1967	191	1.0
1968	1226	1.0
1968	334	1.0
1969	1648	1.0
1969	639	1.0
1970	1505	1.0
1970	1457	1.0
1971	1363	1.0
1971	507	1.0
1972	1724	1.0
1972	236	1.0
1973	75	1.0
1973	1555	1.0
1974	1072	1.0
1974	1277	1.0
1975	304	1.0
1975	883	1.0
1976	48	1.0
1976	905	1.0
1977	1568	1.0
1977	718	1.0
1978	806	1.0
1978	151	1.0
1979	209	1.0
1979	278	1.0
1980	66	1.0
1980	1670	1.0
1981	341	1.0
1981	342	1.0
1982	120	1.0
1982	1895	1.0
1983	102	1.0
1983	6	1.0
1984	76	1.0
1984	807	1.0
1985	777	1.0
1985	17	1.0
1986	42	1.0
1986	1103	1.0
1987	393	1.0
1987	1066	1.0
1988	389	1.0
1988	495	1.0
1989	320	1.0
1989	125	1.0
1990	137	1.0
1990	1523	1.0
1991	1634	1.0
1991	1347	1.0
1992	195	1.0
1992	836	1.0
1993	820	1.0
1993	1255	1.0
1994	665	1.0
1994	687	1.0
1995	936	1.0
1995	55	1.0
1996	1265	1.0
1996	243	1.0
1997	72	1.0
1997	409	1.0
1998	640	1.0
1998	891	1.0
1999	219	1.0
1999	1326	1.0
2000	195	1.0
2000	1972	1.0
2001	707	1.0
2001	580	1.0
